c,sessions,failed,jct_p50_s,jct_p95_s,jct_mean_s,ttft_p50_ms,ttft_p95_ms,ttft_mean_ms,device_pct,host_pct,miss_pct,predicted_hit,accuracy,calls,prompt_tokens_per_call
4,16,0,61.4,92.4,59.0,2580,8481,3190,56.9,0.0,43.1,1.0,0/16,115,6629
8,32,0,157.5,270.6,149.2,14904,32837,15590,17.8,0.0,82.2,1.0,4/32,203,6854
12,48,0,290.1,422.8,263.7,29653,63155,31041,7.1,0.0,92.9,1.0,4/48,317,7034
16,64,0,363.6,463.8,315.5,38738,73787,39498,7.6,0.0,92.4,1.0,6/64,411,6857
20,80,0,480.8,577.3,411.9,48570,100636,52480,4.6,0.0,95.4,1.0,6/80,529,7032
